epoch,accuracy,auc,loss,precision,recall,top_3_acc,val_accuracy,val_auc,val_loss,val_precision,val_recall,val_top_3_acc,learning_rate
1,0.346640,0.756937,2.296287,0.356950,0.011148,0.775899,0.502061,0.852710,1.441310,0.638946,0.337410,0.822242,0.000100
2,0.358227,0.773360,1.720394,0.545520,0.006376,0.786777,0.450105,0.850006,1.499955,0.510687,0.329302,0.837781,0.000100
3,0.359958,0.777715,1.677103,0.559112,0.007229,0.787511,0.530775,0.863970,1.399583,0.623772,0.420512,0.823998,0.000100
4,0.360152,0.779773,1.665707,0.593438,0.007026,0.787477,0.542058,0.874069,1.325373,0.665359,0.412675,0.833187,0.000100
5,0.360389,0.781546,1.660215,0.593507,0.007719,0.787706,0.557868,0.882246,1.273895,0.666305,0.414702,0.855010,0.000100
6,0.361444,0.782775,1.656225,0.606192,0.008268,0.787773,0.573205,0.885455,1.252577,0.712750,0.376191,0.855956,0.000100
7,0.361748,0.783010,1.653697,0.598365,0.008656,0.787950,0.570299,0.884661,1.255439,0.684718,0.421999,0.851564,0.000100
8,0.361664,0.783460,1.651442,0.608472,0.008977,0.787849,0.572259,0.882008,1.288308,0.671896,0.448551,0.839673,0.000100
9,0.362551,0.783493,1.650187,0.612040,0.009273,0.787798,0.590838,0.891618,1.216677,0.731920,0.408216,0.858320,0.000100
10,0.361757,0.784043,1.648237,0.616947,0.008977,0.788390,0.516249,0.875694,1.321208,0.598005,0.388758,0.856158,0.000100
11,0.361596,0.783962,1.647973,0.617442,0.008969,0.788170,0.532329,0.877319,1.313903,0.604423,0.404365,0.861090,0.000100
12,0.362188,0.784241,1.647695,0.588806,0.008707,0.788406,0.563543,0.882939,1.266849,0.689034,0.421120,0.848051,0.000100
13,0.363556,0.785156,1.644455,0.647558,0.010303,0.788364,0.566718,0.886785,1.247192,0.676677,0.429295,0.854807,0.000050
14,0.363809,0.785282,1.644494,0.627451,0.011080,0.788550,0.585163,0.892804,1.210669,0.717491,0.401865,0.863861,0.000050
15,0.365067,0.785813,1.642230,0.634921,0.011148,0.789040,0.579218,0.893097,1.211362,0.684681,0.434835,0.868860,0.000050
16,0.364882,0.785907,1.642049,0.648400,0.012490,0.789082,0.601378,0.897081,1.187248,0.737148,0.410783,0.868658,0.000050
17,0.365625,0.786102,1.641195,0.642679,0.013048,0.789015,0.602932,0.898688,1.174157,0.738598,0.432201,0.869671,0.000050
18,0.365067,0.785662,1.642854,0.630542,0.012972,0.788753,0.607121,0.898116,1.183139,0.753239,0.408553,0.865550,0.000050
19,0.365549,0.786070,1.641789,0.639311,0.013487,0.789082,0.579285,0.893057,1.213097,0.680595,0.420377,0.870414,0.000050
20,0.364578,0.785653,1.642834,0.638937,0.012389,0.788685,0.600973,0.898228,1.181256,0.734505,0.412337,0.868185,0.000050
21,0.366174,0.787179,1.638739,0.640115,0.015066,0.789319,0.604621,0.899307,1.173050,0.735075,0.425917,0.871833,0.000025
22,0.367137,0.787338,1.638247,0.625485,0.016333,0.789378,0.605094,0.898856,1.176064,0.735674,0.418958,0.868928,0.000025
23,0.367525,0.787557,1.637597,0.644576,0.016510,0.789445,0.591852,0.897892,1.186507,0.727372,0.403419,0.872441,0.000025
24,0.367500,0.787706,1.637955,0.631058,0.016164,0.789209,0.605567,0.899963,1.169778,0.736892,0.424431,0.872779,0.000025
25,0.367517,0.787920,1.637503,0.627275,0.017752,0.789496,0.587258,0.894210,1.203862,0.683257,0.453550,0.869333,0.000025
26,0.367500,0.788006,1.637098,0.635729,0.018453,0.789471,0.574894,0.890361,1.234872,0.661482,0.459699,0.867779,0.000025
27,0.368598,0.788341,1.636404,0.617938,0.017921,0.789648,0.604351,0.900019,1.169313,0.733119,0.430579,0.871765,0.000025
28,0.367821,0.788174,1.636536,0.631345,0.017963,0.789800,0.605905,0.901050,1.162606,0.733189,0.435376,0.873184,0.000025
29,0.369290,0.788980,1.634822,0.630290,0.019998,0.789572,0.568070,0.888622,1.241264,0.657878,0.428214,0.869401,0.000025
30,0.368023,0.788684,1.636246,0.623320,0.019187,0.789547,0.606040,0.901839,1.159752,0.738240,0.435781,0.872171,0.000025
31,0.369425,0.789055,1.634185,0.631391,0.019399,0.789825,0.562530,0.886567,1.259160,0.642334,0.438754,0.868725,0.000025
32,0.368902,0.789154,1.634615,0.614758,0.020404,0.789597,0.585974,0.894304,1.203315,0.686283,0.440443,0.868658,0.000025
33,0.368952,0.789015,1.634789,0.626310,0.020184,0.789310,0.589555,0.894628,1.199926,0.690090,0.451186,0.869401,0.000025
34,0.374214,0.791568,1.629321,0.618150,0.023815,0.789699,0.602054,0.898124,1.179029,0.722941,0.437741,0.868185,0.000012
35,0.377592,0.793407,1.625202,0.630850,0.026526,0.789893,0.607797,0.900113,1.165506,0.714419,0.467333,0.869671,0.000012
36,0.378597,0.793302,1.626195,0.605738,0.026391,0.789952,0.593338,0.897377,1.185599,0.705540,0.425917,0.872373,0.000012
37,0.381113,0.794955,1.621733,0.624931,0.028494,0.790298,0.602121,0.900323,1.166989,0.716262,0.440713,0.872441,0.000006
38,0.382025,0.795242,1.620061,0.616421,0.032083,0.790104,0.607459,0.900947,1.162347,0.712971,0.455307,0.873792,0.000006
39,0.381899,0.795678,1.619295,0.614603,0.033198,0.789994,0.612459,0.902383,1.153633,0.727481,0.449632,0.873252,0.000006
40,0.382583,0.796048,1.618845,0.596336,0.034634,0.790315,0.606513,0.900747,1.163316,0.718767,0.444294,0.872576,0.000006
41,0.383022,0.797371,1.615369,0.595669,0.038333,0.790763,0.611851,0.902350,1.155595,0.736344,0.436254,0.874130,0.000006
42,0.383360,0.798151,1.612556,0.601746,0.039008,0.790763,0.613405,0.902047,1.154430,0.727293,0.450105,0.873049,0.000006
43,0.387295,0.800407,1.607164,0.596711,0.043509,0.790704,0.614215,0.902402,1.153165,0.730346,0.448145,0.873522,0.000003
44,0.391408,0.802117,1.602491,0.600330,0.049193,0.790940,0.613405,0.901807,1.155757,0.723885,0.452740,0.871968,0.000003
45,0.390318,0.802198,1.602756,0.598447,0.048154,0.790602,0.615296,0.903164,1.147642,0.727643,0.458483,0.874063,0.000003
46,0.391290,0.802868,1.601461,0.596087,0.050950,0.790906,0.612864,0.902726,1.150825,0.732529,0.451118,0.873995,0.000003
47,0.391214,0.802494,1.602450,0.591072,0.048864,0.790720,0.603270,0.900010,1.167975,0.714270,0.444024,0.873117,0.000003
48,0.390192,0.802624,1.601414,0.593229,0.049278,0.791506,0.605905,0.900989,1.161908,0.718818,0.445443,0.873792,0.000003
49,0.393587,0.803812,1.598780,0.597316,0.052250,0.791033,0.606986,0.901318,1.159697,0.720705,0.447537,0.873117,0.000002
50,0.392624,0.804190,1.597862,0.598857,0.053103,0.791092,0.609689,0.901808,1.156983,0.720195,0.449362,0.873927,0.000002
51,0.393266,0.803980,1.597815,0.598403,0.052537,0.791050,0.611783,0.902165,1.154649,0.726783,0.446794,0.873117,0.000002
52,0.395698,0.804867,1.596088,0.604499,0.054691,0.790881,0.610094,0.901466,1.158870,0.723432,0.444294,0.872711,0.000001
53,0.394516,0.805609,1.593666,0.606337,0.055113,0.791337,0.612391,0.902167,1.154108,0.726736,0.449024,0.872644,0.000001
54,0.392903,0.805452,1.593471,0.608058,0.055696,0.791844,0.610567,0.902213,1.154512,0.724973,0.449159,0.873792,0.000001
55,0.395250,0.805278,1.594410,0.604100,0.055991,0.791109,0.612391,0.902631,1.152344,0.730697,0.446929,0.873860,0.000001
56,0.395318,0.805389,1.594432,0.601338,0.054674,0.791219,0.611851,0.902658,1.152938,0.730615,0.444362,0.874400,0.000001
57,0.394119,0.805268,1.594517,0.606024,0.054885,0.791430,0.610432,0.902107,1.154860,0.725636,0.449226,0.873049,0.000001
58,0.395090,0.805145,1.595013,0.610905,0.055544,0.791168,0.608540,0.901922,1.156488,0.722689,0.447402,0.873117,0.000001
59,0.395014,0.805364,1.594272,0.603527,0.056076,0.791793,0.612323,0.902590,1.152056,0.728089,0.449024,0.873792,0.000001
60,0.395647,0.805368,1.594774,0.603213,0.057402,0.791337,0.609013,0.901977,1.156249,0.722665,0.446997,0.873860,0.000001
61,0.396061,0.805653,1.593576,0.603240,0.055662,0.791852,0.606378,0.901120,1.161553,0.716862,0.445781,0.872914,0.000001
62,0.395808,0.805714,1.593077,0.608290,0.058373,0.791202,0.607459,0.901221,1.160562,0.718212,0.444970,0.873792,0.000001
63,0.396374,0.805618,1.593097,0.609172,0.056312,0.791455,0.609013,0.901671,1.157907,0.721748,0.445308,0.873319,0.000001
64,0.394617,0.805725,1.593377,0.607830,0.055459,0.791633,0.608945,0.901913,1.156447,0.721534,0.448686,0.873792,0.000001
65,0.393992,0.805370,1.593940,0.612977,0.056887,0.791725,0.609216,0.901983,1.155557,0.721409,0.449632,0.873725,0.000001
